171 922 851 427 663 804 965 933 585 539 600 633 731 621 955 610 55 104 229 730 372 218 745 965 666 773 527 112 279 295 103 388 103 346 504 438 819 665 215 79 713 159 130 504 726 586 865 452 542 450 211 292 807 639 299 54 61 306 777 804 744 787 241 800 699 556 118 226 141 153 343 529 64 62 278 284 194 210 484 544 629 923 303 790 916 336 379 482 879 387 779 682 269 456 794 776 838 310 126 332
978 436 534 746 266 592 94 956 214 744 469 552 298 355 660 605 757 844 863 450 770 952 887 845 997 858 653 146 923 225 396 702 272 102 459 728 742 732 679 529 707 117 841 312 124 117 848 555 232 764 77 526 220 946 435 626 403 296 863 220 15 210 694 913 56 401 939 902 70 905 40 742 363 867 369 689 647 533 57 562 946 806 297 714 596 640 722 495 51 103 784 628 359 497 541 461 135 335 880 968
865 267 48 126 625 357 681 404 526 55 774 399 450 234 93 869 896 785 67 14 68 716 321 640 637 208 362 524 311 399 676 395 853 725 398 322 574 354 366 700 947 468 464 590 767 157 959 210 111 924 125 758 277 166 343 881 247 289 579 430 114 676 13 517 595 410 858 411 481 515 727 580 266 645 421 136 957 482 331 888 846 124 641 329 146 429 711 840 594 819 982 561 915 807 104 104 630 484 194 775
448 247 130 407 654 120 352 861 962 557 379 80 232 400 526 886 947 57 266 78 388 791 594 90 888 350 407 60 130 114 445 663 484 317 506 578 328 268 40 293 111 58 377 528 630 257 259 420 630 273 478 598 204 290 989 867 542 559 855 168 171 595 532 472 806 762 649 0 389 267 7 389 916 299 452 366 550 983 535 191 2 55 331 603 302 645 754 393 442 818 616 613 400 652 728 329 855 728 966 639
516 9 858 805 158 250 208 547 839 343 176 515 116 401 511 236 456 902 99 185 36 357 911 962 632 400 685 785 474 249 719 646 73 892 209 310 234 889 514 145 321 454 824 300 56 567 761 434 872 362 510 775 445 169 633 465 296 445 835 591 985 737 478 490 964 273 897 951 317 798 860 117 881 893 808 438 27 500 548 748 721 137 93 492 846 763 583 855 984 674 5 365 546 905 681 605 139 450 442 767
858 415 145 551 540 355 647 297 553 946 40 166 608 449 48 690 846 525 661 378 33 673 878 942 73 318 423 613 538 605 764 527 553 524 37 941 979 103 236 21 490 487 611 47 903 651 797 783 717 151 769 573 307 548 386 686 362 797 157 449 667 408 329 858 618 403 373 161 916 203 456 263 503 869 355 552 204 948 946 143 711 355 964 31 39 349 241 747 584 212 232 776 307 332 633 454 94 47 946 999
802 391 665 952 988 745 10 497 809 869 161 802 508 37 904 359 113 788 950 203 467 520 761 891 850 867 473 449 299 413 451 699 935 981 886 150 462 20 191 606 713 85 824 728 727 747 158 119 907 241 579 19 913 169 852 99 967 886 753 273 338 512 967 437 669 37 461 41 425 484 258 131 261 316 220 706 162 38 459 950 326 985 153 179 33 899 696 826 511 402 1 920 960 424 428 109 444 76 957 887
968 836 116 646 574 632 196 135 304 56 862 191 70 994 571 128 701 668 618 729 637 932 101 218 538 383 248 213 181 537 37 428 706 418 102 933 804 817 649 97 801 822 277 476 288 491 433 930 841 825 943 44 316 717 275 73 200 987 441 496 546 659 131 801 336 978 989 369 29 979 957 505 324 536 778 755 977 248 954 751 749 878 897 524 414 444 825 494 651 56 910 912 914 91 747 57 932 288 906 635
315 279 423 245 739 801 450 546 262 57 676 643 421 831 81 927 172 885 778 234 132 840 949 656 141 857 140 57 877 741 1000 37 480 984 301 892 582 737 786 57 969 246 805 131 820 388 529 714 31 332 495 116 683 115 720 150 496 868 856 870 706 577 141 293 176 690 910 698 582 554 48 232 246 594 542 326 176 632 839 774 938 525 891 644 899 828 632 19 555 659 881 652 597 482 235 902 758 102 719 299
592 154 715 288 600 997 377 59 898 782 15 707 693 284 477 468 423 297 859 686 635 249 810 909 264 26 586 546 667 42 719 240 642 398 808 427 419 231 683 954 474 254 89 161 345 243 767 418 22 379 358 337 3 640 534 557 616 917 435 357 930 933 631 244 79 944 91 817 793 393 996 459 698 775 659 552 137 962 388 286 433 608 411 778 300 961 648 954 704 587 842 613 307 550 980 81 103 975 564 483
837 493 694 347 856 345 63 747 892 921 944 386 540 314 655 231 936 8 794 540 345 993 467 534 484 560 427 671 40 295 3 366 132 156 1 527 882 963 101 782 562 205 220 860 647 335 330 476 18 343 663 968 520 881 38 552 647 602 375 73 732 212 747 273 716 470 198 622 7 607 594 932 542 501 827 850 196 632 526 371 705 139 703 714 299 399 875 636 960 504 788 838 285 686 827 700 141 981 450 839
562 212 507 793 205 505 960 438 55 496 343 878 168 360 148 30 117 328 22 22 717 772 60 984 736 724 337 932 85 147 584 303 77 482 911 854 897 352 239 495 442 171 361 511 115 953 300 488 602 910 8 533 862 314 813 400 553 84 451 712 383 305 662 379 836 391 938 508 69 886 420 246 847 456 537 752 779 95 231 574 403 762 888 730 850 330 753 80 323 28 690 631 453 190 179 533 134 356 350 888
987 684 501 738 786 274 38 559 761 847 731 14 459 503 804 264 463 634 853 830 710 378 607 105 481 516 862 12 448 352 802 73 625 673 589 41 477 837 215 570 727 614 295 136 675 426 109 212 546 345 362 492 13 359 509 849 485 559 689 37 837 244 76 214 709 459 91 803 992 549 186 570 77 498 191 116 384 681 104 438 301 891 32 241 384 141 691 98 392 342 535 98 876 235 349 66 648 116 125 325
836 959 132 815 355 302 335 931 612 839 488 314 898 945 228 966 368 206 275 834 136 60 11 749 387 506 555 200 343 41 195 740 660 923 720 670 897 860 437 55 52 973 106 526 242 422 371 796 203 849 594 989 714 329 962 753 936 159 821 452 77 225 512 331 832 237 76 78 727 677 625 358 37 163 665 981 512 811 541 210 776 793 635 141 676 918 500 816 879 63 12 748 492 550 871 289 245 893 13 565
118 144 420 210 214 600 141 466 605 516 824 180 104 685 852 520 874 677 876 339 344 826 803 179 6 85 19 870 224 696 240 283 289 138 647 33 436 937 37 341 222 241 886 33 289 402 399 77 91 54 628 340 134 429 921 221 473 666 514 227 364 991 256 70 276 242 408 602 119 244 629 77 477 70 304 477 971 976 964 745 262 13 124 619 362 293 519 546 453 112 131 122 591 995 218 845 197 425 192 564
567 638 330 150 780 139 399 42 774 614 894 48 895 729 756 659 365 865 937 982 897 51 867 416 112 281 39 12 218 69 64 277 503 404 685 25 502 598 227 192 646 158 898 300 664 397 218 640 713 394 772 1000 51 70 11 808 883 140 213 840 325 440 893 346 100 339 572 598 255 982 0 322 847 669 20 554 194 46 336 935 740 446 683 859 426 81 915 150 871 570 310 535 941 943 166 528 383 161 462 120
564 755 473 249 946 594 859 809 736 651 709 209 681 637 813 556 266 999 737 444 399 93 398 829 107 669 186 535 161 595 797 279 238 488 274 633 615 18 859 63 627 271 936 961 238 311 1000 278 486 106 594 462 662 893 79 108 487 960 869 927 364 733 733 633 629 346 496 253 265 757 107 830 127 966 888 386 216 854 5 147 319 329 140 833 187 243 675 691 117 685 111 770 125 636 344 21 943 161 51 858
608 941 335 524 278 536 838 81 328 357 991 349 744 498 110 622 639 211 709 91 755 529 600 301 689 520 445 295 432 746 70 176 215 995 623 993 563 430 12 139 275 53 688 678 854 208 648 177 252 961 538 502 164 491 892 741 247 61 318 669 856 202 193 344 120 319 319 504 681 116 815 567 352 569 197 124 317 896 416 693 155 555 219 242 175 350 248 340 78 104 864 570 607 165 147 348 757 402 907 211
965 335 881 548 682 0 197 576 261 453 488 224 691 41 867 317 737 362 426 420 85 195 958 457 711 756 947 194 399 310 675 467 376 178 506 6 15 149 874 415 531 299 601 906 672 411 290 277 683 81 646 639 690 970 880 198 11 167 273 758 860 577 172 764 639 363 755 108 418 10 944 699 960 507 108 865 38 5 149 660 27 390 965 828 536 389 832 408 536 867 736 503 324 56 653 819 903 298 63 621
914 380 918 664 353 906 506 223 857 238 498 795 347 21 110 391 215 567 586 711 812 841 87 421 476 708 473 368 642 83 807 836 431 624 430 597 123 994 202 742 602 571 123 819 369 206 807 814 150 376 406 416 521 808 96 26 747 484 116 296 203 517 643 903 10 168 525 903 138 751 618 851 716 907 85 148 413 787 169 391 762 404 21 712 541 627 121 329 94 482 802 834 173 145 406 931 566 982 537 560
482 57 3 952 121 553 290 227 739 112 206 796 988 165 730 123 630 805 93 979 199 656 837 14 231 477 459 942 596 345 741 711 85 114 179 177 366 760 724 150 889 518 779 295 781 81 822 303 390 768 197 997 38 750 90 63 27 846 302 80 264 855 288 105 111 374 588 491 575 678 848 421 950 937 443 66 493 163 65 923 108 733 830 655 817 12 43 936 912 477 394 334 729 522 897 162 24 353 444 76
231 738 770 60 240 612 319 738 726 528 797 926 420 905 812 881 172 902 534 461 463 988 893 135 890 38 17 64 606 93 506 844 174 623 197 261 381 111 548 57 477 68 298 359 183 528 102 874 312 627 677 438 184 535 118 821 834 73 466 728 931 286 103 10 364 583 838 398 145 76 438 116 139 171 390 746 775 471 915 128 388 7 461 879 356 72 299 477 650 499 615 360 425 273 669 505 136 511 373 553
687 755 838 92 762 568 814 200 182 55 583 202 279 163 473 680 515 432 967 502 903 64 661 828 441 26 193 101 299 439 539 778 532 596 233 394 78 707 409 637 817 782 633 678 661 510 822 409 632 515 357 779 703 803 330 268 695 321 547 981 876 619 32 675 572 488 151 947 293 498 665 247 525 664 605 291 351 394 156 155 919 388 464 776 623 780 331 913 730 983 256 286 936 395 1000 134 801 41 333 190
179 844 581 87 97 936 923 222 717 951 975 356 589 829 441 708 834 529 311 935 376 220 820 694 246 890 874 609 66 85 619 698 959 949 952 42 331 845 941 72 314 869 7 223 499 100 714 339 57 117 263 580 184 692 188 873 843 954 920 485 213 807 533 458 76 305 903 191 279 610 773 573 41 645 423 203 762 849 526 94 832 934 421 156 108 23 723 472 57 529 626 550 665 794 302 521 261 581 59 988
425 777 98 950 873 720 71 232 991 498 405 45 478 766 391 216 683 283 913 560 372 673 441 688 603 993 636 415 45 649 28 276 761 457 852 125 601 556 116 338 929 478 572 155 352 319 383 169 52 440 868 4 754 933 720 103 774 370 829 932 836 196 461 477 453 320 343 583 520 545 554 732 141 31 113 946 628 155 320 556 720 616 964 304 509 696 349 648 357 385 741 584 620 531 657 150 246 1 756 781
326 552 234 144 264 917 646 879 375 993 722 935 257 461 620 190 430 828 753 767 684 597 958 871 103 564 193 348 958 946 702 947 90 571 13 724 564 239 831 665 909 313 728 812 908 209 33 896 591 746 336 293 285 892 585 385 292 145 351 193 108 384 16 14 812 699 352 906 129 781 981 640 750 571 217 733 21 556 514 138 802 638 410 703 813 827 110 594 883 29 905 23 587 421 963 738 214 356 256 666
744 700 718 69 398 638 704 447 354 641 899 611 476 189 832 588 245 714 217 196 171 532 278 853 401 25 891 256 837 812 728 177 730 993 699 466 670 881 77 601 89 113 326 650 923 541 586 832 460 12 496 734 701 445 579 820 126 51 265 533 709 533 855 855 303 17 869 794 445 587 73 12 187 825 942 584 232 815 82 553 775 276 600 718 608 380 819 537 476 488 485 197 800 197 473 686 74 896 119 56
34 401 873 334 491 118 475 826 678 620 16 95 275 860 297 982 107 678 695 549 187 79 632 47 893 114 666 753 472 189 754 769 59 280 890 101 714 922 234 288 205 88 353 529 383 570 385 133 380 949 57 410 93 136 622 697 582 678 733 632 574 114 538 109 774 177 973 312 485 873 696 471 485 541 78 348 24 114 895 661 331 52 432 237 310 538 662 976 198 172 949 283 816 553 192 900 175 923 972 216
395 876 594 243 302 221 106 554 761 272 596 587 627 678 334 262 36 324 669 541 162 219 44 304 572 364 75 370 969 908 525 20 683 187 378 479 827 892 849 836 226 581 192 960 923 223 905 596 722 131 609 732 6 545 55 421 34 273 588 278 208 282 215 526 8 563 99 623 379 888 359 133 861 53 815 418 718 594 981 527 164 365 711 208 712 9 183 707 383 970 718 105 565 868 344 183 486 28 293 731
573 791 586 567 518 439 89 213 252 778 333 719 713 484 159 616 404 457 477 497 275 849 621 416 737 191 230 166 986 631 89 894 511 750 206 827 854 318 881 404 313 610 611 117 67 438 190 309 396 293 989 948 206 487 524 595 524 221 867 280 948 816 651 572 334 156 3 371 335 197 805 861 722 25 162 718 755 737 463 134 247 506 695 205 102 195 626 996 535 714 448 163 429 784 99 644 766 21 567 269
750 783 746 378 8 476 785 658 76 126 422 831 909 458 325 97 927 416 263 950 616 633 235 993 754 956 224 162 359 282 283 781 287 163 227 368 286 874 178 673 695 21 665 923 227 127 738 796 825 383 473 88 46 396 910 331 999 805 552 650 931 396 563 46 947 673 456 120 750 204 153 994 981 979 720 701 79 401 145 462 592 742 536 525 480 799 950 94 242 986 712 517 842 355 739 454 237 152 586 535
291 811 741 879 738 478 598 482 65 227 771 197 889 530 117 692 988 688 944 527 171 448 88 865 289 493 757 823 75 824 39 122 222 911 55 378 275 650 883 412 553 641 434 841 773 466 863 387 77 554 482 821 705 49 963 636 882 100 840 150 423 304 71 666 807 809 615 923 512 244 249 949 398 519 139 588 856 238 623 873 649 877 391 830 480 895 119 912 535 538 409 20 132 891 110 516 670 417 183 829
876 602 497 475 291 340 38 26 373 432 645 929 154 519 953 614 857 715 150 349 290 487 458 195 571 641 363 312 1000 82 261 895 90 953 505 86 277 48 446 948 226 86 331 856 127 734 407 558 674 82 853 998 133 321 4 787 518 102 975 753 500 562 734 710 874 882 889 865 7 342 429 277 579 471 132 40 302 39 396 78 503 667 570 525 70 807 817 840 606 671 2 575 222 882 455 250 126 62 492 569
973 999 226 450 388 949 929 185 964 550 752 0 175 950 926 501 534 436 425 28 371 939 724 983 47 642 617 248 771 552 927 664 309 747 295 890 524 298 254 894 302 809 708 854 758 263 979 819 926 737 154 746 287 651 306 201 526 622 815 309 984 361 730 885 835 621 341 127 929 772 642 467 156 922 823 191 659 446 968 112 456 984 505 232 350 991 277 358 851 528 259 76 455 564 429 695 105 717 718 86
631 352 271 60 178 687 651 354 456 534 807 237 986 809 781 122 964 597 127 307 879 27 207 596 955 698 783 313 409 878 444 461 68 115 286 352 909 857 175 114 741 275 522 731 204 15 984 628 658 136 439 308 776 938 994 753 336 505 334 67 465 824 175 320 39 683 57 105 468 315 361 780 337 334 907 314 457 957 860 357 668 331 807 424 358 135 227 536 593 390 824 421 454 894 571 39 14 699 511 674
860 459 211 657 752 327 406 371 518 724 375 911 364 200 249 346 279 899 205 857 724 682 140 123 622 973 828 769 389 81 973 237 815 471 333 867 658 51 508 694 435 855 143 315 728 841 619 867 632 435 927 710 381 915 902 82 124 58 229 641 59 832 186 316 13 103 588 513 837 458 546 657 342 756 816 639 628 178 15 963 964 124 311 32 456 199 836 718 666 484 266 420 493 335 848 654 437 112 798 666
515 270 459 957 790 622 917 742 993 13 384 409 527 959 17 164 702 376 852 205 55 971 445 857 811 373 751 879 125 252 666 98 366 192 493 420 720 183 843 962 955 235 44 753 788 485 685 152 662 130 395 820 613 126 567 299 629 503 930 192 46 264 987 24 371 195 939 3 429 710 104 612 552 498 580 940 546 405 547 695 373 343 55 313 646 642 960 505 374 316 599 551 36 306 403 799 436 496 891 125
860 660 727 782 122 813 336 654 731 843 770 398 965 938 483 42 875 337 998 863 73 848 466 317 146 339 666 805 660 389 732 699 302 889 14 537 685 371 162 321 458 232 701 360 901 163 804 753 718 941 424 767 600 973 845 400 26 317 80 18 331 120 548 327 675 359 801 385 556 742 257 590 336 12 227 313 356 815 686 618 988 938 647 455 543 934 758 94 369 257 146 161 703 605 301 733 713 746 542 803
939 931 293 714 340 46 174 131 500 103 806 473 676 970 255 712 636 809 228 421 244 766 45 971 344 921 924 477 523 134 431 22 869 406 805 12 746 174 848 884 49 19 373 454 736 336 16 107 971 598 818 461 158 401 92 80 921 618 852 217 682 605 882 254 232 403 661 197 792 95 91 565 464 230 256 321 253 719 173 703 474 799 727 694 760 836 233 841 497 338 308 788 234 952 872 751 216 57 180 285
64 318 420 628 352 62 411 229 588 320 117 231 245 546 884 960 848 26 851 960 804 842 11 107 385 141 988 255 268 572 69 910 538 898 20 505 597 458 860 723 878 531 502 962 884 55 812 118 873 995 558 318 987 382 22 734 343 985 423 96 389 241 260 126 414 312 161 696 618 147 161 939 754 925 743 452 106 431 252 573 272 971 20 797 877 689 265 707 91 331 780 496 902 677 812 36 926 917 759 752
179 654 355 904 910 446 167 567 331 884 867 153 629 635 526 402 228 837 94 192 927 403 108 843 333 214 528 695 865 834 936 436 608 941 654 202 690 249 445 753 559 914 832 554 591 320 552 361 101 347 169 698 56 62 924 160 84 890 2 151 380 643 738 241 648 554 678 550 548 277 610 33 600 184 612 321 845 307 150 900 954 836 202 835 621 958 250 604 789 163 413 602 922 488 915 300 934 332 374 904
221 552 485 571 922 971 136 414 170 677 627 125 723 488 246 630 885 243 450 615 62 81 340 813 755 442 523 286 393 722 376 385 135 312 945 655 740 911 247 371 877 480 440 588 9 901 375 325 7 657 924 812 455 705 130 839 397 505 198 380 143 46 137 994 55 202 831 657 115 670 956 788 260 961 645 709 531 331 877 322 459 566 963 43 420 421 217 824 142 755 56 824 66 368 300 809 330 295 429 203
247 824 809 727 561 823 30 893 880 25 154 602 124 64 966 739 706 414 342 431 837 462 602 321 181 247 836 433 249 323 291 588 770 1 785 291 993 697 50 949 196 894 59 348 758 738 950 95 57 968 410 228 464 23 502 588 211 67 756 293 786 549 131 736 100 168 441 276 304 531 163 597 535 969 665 831 267 109 109 173 873 651 405 649 274 189 201 187 931 889 81 269 490 244 302 492 205 673 53 140
51 573 699 309 564 57 996 718 27 483 139 260 550 506 61 163 783 189 922 483 128 747 314 925 285 328 973 296 220 417 79 743 264 900 823 765 561 749 306 451 537 852 11 750 461 832 940 183 591 722 427 804 935 155 696 675 652 654 49 814 13 264 441 144 713 623 813 836 721 178 668 819 128 660 553 93 261 551 717 947 628 933 163 76 444 818 855 362 15 222 378 472 149 300 584 460 95 761 461 641
158 558 524 337 96 237 875 939 773 436 701 879 618 942 380 297 662 666 364 573 458 404 239 33 590 476 396 80 173 989 859 53 187 166 208 46 226 745 584 964 325 674 788 717 132 360 918 312 280 74 302 674 876 686 783 127 969 399 844 567 804 839 945 95 900 316 180 398 372 542 298 176 727 149 642 723 374 511 399 893 499 871 364 898 705 49 354 810 626 190 394 848 217 513 31 272 704 896 379 94
230 927 454 445 46 57 822 263 649 423 131 11 907 313 438 116 265 964 844 247 566 520 451 695 585 10 881 413 950 356 352 243 445 913 1 418 61 420 498 428 960 624 976 354 986 814 47 419 513 436 2 613 52 179 163 333 618 347 703 854 47 212 611 554 396 641 701 362 54 826 794 73 449 602 816 712 797 931 923 156 51 499 286 788 954 378 308 111 904 659 866 25 900 436 822 793 225 545 34 791
214 409 305 829 765 971 475 127 665 813 445 684 28 180 115 13 628 926 142 539 995 817 537 284 31 607 775 932 758 432 52 431 426 382 830 562 431 315 195 419 527 458 567 52 38 694 752 827 163 91 802 768 647 1 462 70 593 561 706 646 722 564 4 873 280 567 147 784 215 778 707 889 860 192 674 342 80 251 609 364 920 609 156 498 994 564 88 73 675 171 216 604 705 603 625 880 9 917 144 80
275 510 91 872 710 187 733 173 257 767 64 146 620 614 144 905 462 173 29 67 249 140 30 921 678 843 417 6 7 500 733 451 879 291 23 322 752 104 570 461 992 249 243 377 422 65 217 668 181 546 516 10 277 209 931 444 796 658 227 791 822 219 925 821 794 186 761 281 887 638 743 928 560 327 587 785 756 376 14 832 546 694 467 706 937 920 897 867 90 218 372 729 413 743 775 976 922 563 957 209
603 397 930 754 945 135 379 832 194 117 325 534 537 238 812 467 502 423 423 941 884 622 215 204 738 722 354 355 345 801 932 982 742 443 72 537 38 68 456 457 302 128 942 207 235 559 19 686 262 770 434 729 173 772 622 653 76 248 782 826 86 277 584 479 760 486 836 920 117 975 300 692 802 886 867 777 80 520 183 305 576 119 408 281 714 288 926 350 251 677 429 745 338 515 438 183 45 394 440 181
763 907 159 7 300 566 45 632 181 237 596 284 933 698 146 218 391 592 921 995 533 803 553 403 290 351 131 230 52 19 231 976 126 886 2 540 380 870 897 200 371 423 145 292 332 720 293 237 561 630 201 896 455 428 865 469 761 443 110 374 208 453 149 499 647 716 198 91 441 625 916 963 731 237 52 717 876 166 876 418 230 810 905 249 315 145 359 952 907 116 138 128 753 531 279 540 968 672 691 12
32 641 660 92 4 497 647 426 468 839 151 868 226 669 822 419 586 440 149 536 836 224 610 162 631 674 152 509 675 402 221 366 878 95 823 508 278 975 365 477 463 465 296 163 831 602 77 914 371 948 524 805 605 630 280 578 80 726 99 734 470 964 779 758 906 482 230 362 854 725 374 152 165 43 872 497 163 216 432 667 818 521 616 865 126 170 102 463 460 213 712 88 744 858 409 572 513 617 239 491
766 66 527 570 378 437 542 864 401 864 557 983 554 715 607 499 532 977 304 32 959 445 357 210 156 294 489 1000 61 896 960 504 522 306 339 904 334 48 779 574 315 112 351 508 817 157 885 395 212 954 903 159 262 612 157 31 59 868 969 26 857 640 382 379 271 227 70 369 897 642 769 835 417 846 695 130 168 177 82 703 70 542 936 413 326 665 620 766 787 155 666 9 712 117 296 869 996 384 921 913
676 761 283 207 373 23 198 883 962 287 581 712 271 115 878 781 376 174 381 160 679 278 393 682 420 140 49 349 741 63 871 631 965 817 350 807 643 16 431 105 835 884 39 619 474 274 381 393 119 853 317 999 836 444 270 221 396 155 788 337 775 872 338 218 604 808 310 640 285 270 921 64 599 3 455 780 4 31 945 592 231 206 258 62 417 979 646 232 989 446 185 52 348 15 217 186 482 608 719 986
74 793 25 414 219 850 828 619 210 433 971 734 409 244 271 684 286 774 928 603 541 682 142 980 215 607 188 843 769 53 950 518 704 742 825 768 345 930 656 795 294 794 890 202 187 470 84 147 475 839 130 589 819 905 324 10 727 465 766 897 868 86 720 149 373 864 967 431 507 230 72 934 205 20 77 704 627 113 775 838 764 892 364 142 397 175 952 96 518 397 654 778 727 809 346 187 698 497 468 70
685 621 167 563 926 955 472 403 482 667 757 475 420 259 518 159 833 754 903 171 286 697 300 750 659 266 572 983 1 338 480 918 184 706 194 773 393 922 399 858 84 771 990 726 54 421 237 878 105 207 428 585 64 544 137 758 775 852 951 545 653 500 843 711 771 216 935 418 110 408 917 541 493 434 895 640 325 652 802 517 330 430 534 410 673 74 792 156 723 909 908 904 683 596 532 879 136 498 999 211
766 622 47 986 575 537 242 367 342 892 191 532 21 840 377 709 881 621 417 771 214 647 460 636 990 188 107 545 885 423 358 638 18 934 123 444 664 66 822 83 673 783 204 806 953 287 895 809 94 801 735 896 620 254 500 27 552 708 352 669 461 732 100 324 196 238 978 233 431 675 807 215 344 417 559 347 925 354 650 86 319 404 978 833 28 79 36 158 963 350 252 841 989 808 548 439 792 698 211 801
955 596 856 472 962 384 273 213 208 372 904 444 722 102 381 677 187 737 754 87 89 448 835 700 735 856 712 250 983 984 686 588 823 419 865 937 430 500 640 85 706 327 372 285 325 212 976 469 911 29 695 211 133 372 430 977 202 223 475 573 153 344 883 336 304 590 612 375 504 391 329 637 73 118 673 843 472 471 116 908 340 581 374 679 649 30 571 617 737 854 837 640 151 645 590 930 134 264 994 898
217 675 303 150 325 170 200 275 402 527 826 188 271 48 279 827 968 824 449 125 837 533 850 283 43 74 132 441 751 108 696 379 521 322 510 888 487 185 102 804 104 929 938 24 994 309 455 429 342 612 543 175 11 137 251 409 883 193 47 169 126 106 953 169 484 757 580 50 955 75 24 973 91 484 660 810 575 342 196 938 35 269 790 68 596 203 878 933 344 181 666 532 441 641 656 542 477 700 669 612
873 56 859 851 893 614 631 25 177 658 376 686 964 682 53 151 695 323 835 406 356 397 583 671 865 437 243 513 438 614 289 931 279 714 711 677 798 231 692 163 114 391 678 491 813 797 611 319 195 58 160 626 851 943 521 971 898 607 42 970 876 387 745 18 568 122 3 308 685 270 512 930 702 226 519 927 35 171 104 60 89 811 25 938 382 837 419 254 458 915 531 469 785 148 277 57 772 375 399 836
182 71 878 5 571 424 583 666 136 784 705 601 492 399 315 597 58 360 330 283 324 811 70 106 311 108 821 128 782 911 884 213 392 808 996 675 639 826 731 756 698 165 331 388 122 865 700 841 398 752 350 878 500 588 707 136 463 250 223 395 575 443 32 956 461 262 35 393 665 693 371 595 880 339 569 264 611 764 956 995 297 6 538 742 97 64 986 955 690 925 555 56 253 770 95 348 459 481 969 809
312 104 559 122 432 395 968 903 775 870 687 640 331 984 809 914 4 660 411 572 215 895 245 618 742 134 531 259 548 550 98 611 521 402 12 650 103 957 734 959 789 621 864 612 998 687 738 342 775 98 456 658 311 244 797 174 42 698 609 176 480 91 195 883 975 136 329 19 327 861 456 132 852 480 273 475 379 198 594 675 577 228 203 853 158 430 635 809 851 127 226 502 764 997 487 76 135 680 330 20
451 732 311 832 346 779 919 124 335 738 495 725 913 322 352 683 496 321 88 793 4 138 75 452 836 181 931 833 228 24 605 453 417 241 656 150 886 185 428 136 542 974 767 890 957 643 724 854 899 702 782 724 581 509 913 613 392 991 445 817 630 900 345 42 405 628 712 690 177 927 476 873 440 919 464 154 176 72 949 122 159 853 67 563 528 268 722 433 399 255 269 4 480 717 474 751 124 378 999 596
518 659 300 977 976 767 237 731 57 90 368 239 665 830 102 269 427 128 414 639 897 136 983 895 547 178 481 435 994 203 161 426 28 465 289 869 52 866 875 477 294 546 280 295 110 827 635 26 864 69 772 150 237 424 106 662 563 499 809 486 363 863 305 959 707 996 57 132 156 898 270 265 953 597 472 639 414 256 959 885 785 493 163 137 648 846 992 998 476 7 410 433 126 598 88 910 473 55 585 969
219 546 62 683 371 570 776 906 193 394 884 933 803 172 196 729 608 189 153 759 584 820 941 621 905 490 151 723 753 171 94 535 969 699 558 36 685 558 678 390 436 556 582 207 563 964 903 746 32 8 297 126 865 663 182 258 625 282 162 830 605 685 721 279 954 777 968 821 662 323 845 439 942 85 989 134 411 225 132 875 792 989 885 361 237 436 110 241 662 707 361 669 827 609 591 772 243 755 35 410
966 65 1000 405 478 900 339 882 283 101 837 897 303 883 527 141 508 35 644 979 446 673 800 770 185 198 624 301 463 414 513 695 699 899 671 796 460 43 239 47 993 677 766 965 638 351 680 563 737 924 244 671 638 558 979 587 729 535 167 472 176 371 475 946 125 425 158 638 81 102 335 337 269 160 943 413 540 232 455 2 710 671 768 422 961 276 856 162 442 667 921 110 772 31 424 816 834 611 251 186
398 188 578 940 380 923 105 853 970 523 879 828 507 937 537 331 236 907 605 983 722 842 497 979 756 30 354 21 669 968 389 121 598 477 366 24 546 615 252 60 324 159 630 633 588 322 743 189 379 129 789 297 217 918 463 351 975 844 811 447 434 774 358 153 917 357 137 519 975 470 167 712 296 231 86 274 894 301 283 226 644 474 110 935 212 915 119 22 249 310 165 305 219 42 278 615 824 477 531 154
128 262 838 233 165 155 478 559 209 116 45 353 837 513 995 275 381 938 199 115 805 54 587 403 324 202 446 863 938 854 622 413 394 277 81 623 226 479 745 315 279 167 683 207 785 939 731 202 587 965 671 919 221 595 853 220 489 930 696 431 204 489 631 541 998 297 291 27 364 764 497 612 278 607 232 801 741 898 0 488 515 539 642 668 220 593 551 938 871 819 633 103 525 910 272 951 149 804 58 219
597 825 427 909 117 909 179 152 23 866 911 136 851 149 84 891 390 164 337 74 190 189 837 310 90 218 970 876 55 513 842 157 872 404 86 509 512 566 863 652 422 123 764 972 385 989 209 559 224 67 837 729 728 853 327 46 56 790 487 958 165 993 396 715 853 945 463 642 414 983 82 780 987 910 780 736 724 679 782 609 757 762 609 613 313 658 733 994 487 315 335 966 490 577 777 40 229 758 621 788
259 30 815 421 563 813 129 795 453 107 457 219 144 153 741 965 166 721 838 607 925 405 550 634 348 484 139 948 146 689 364 325 46 266 54 836 483 404 360 958 136 356 654 387 783 872 465 767 116 939 193 268 421 884 899 38 147 92 267 180 651 49 892 162 315 962 363 128 132 537 90 739 833 813 717 510 104 323 972 651 294 710 67 411 130 706 488 134 599 363 127 547 842 794 581 732 627 687 247 769
6 519 947 169 728 477 545 966 440 927 805 415 915 542 916 255 318 738 336 379 54 215 446 344 576 89 908 638 163 527 681 991 219 511 656 778 946 374 856 47 745 798 60 391 894 916 116 131 857 320 381 998 972 612 995 933 157 869 886 612 644 463 349 569 344 270 30 909 788 25 792 564 786 1000 643 143 410 383 186 457 28 365 82 948 808 798 19 443 4 924 257 969 212 101 987 967 498 334 765 552
684 601 313 352 735 811 17 638 982 964 140 692 619 664 455 435 986 577 155 24 571 507 106 607 977 446 782 397 169 694 243 985 318 815 782 180 650 978 391 987 319 541 96 288 914 167 321 916 786 927 73 920 469 969 808 475 4 714 5 372 11 132 401 151 171 107 138 768 545 252 894 900 659 99 93 18 433 588 5 907 261 703 63 492 310 959 76 699 783 931 546 546 459 987 528 286 232 134 4 516
215 471 405 230 724 541 556 870 605 317 75 508 198 310 558 436 477 809 264 779 479 159 715 934 309 461 318 784 774 914 464 416 191 992 263 596 803 379 303 988 751 523 492 36 940 299 438 182 359 133 840 426 176 527 401 590 696 136 963 685 554 976 861 752 970 93 573 718 491 890 230 412 969 196 959 654 156 808 556 974 536 765 293 336 400 341 256 337 57 212 453 115 694 21 181 167 331 353 938 106
910 483 474 321 225 885 54 673 888 509 518 862 220 873 976 724 962 979 54 927 425 145 591 145 658 148 316 149 368 439 165 315 739 687 170 950 526 871 475 307 566 851 64 945 253 87 155 209 522 856 454 845 438 755 305 849 156 837 55 652 829 287 482 423 202 735 516 233 489 998 52 509 53 503 638 112 294 286 587 175 194 589 221 192 95 407 378 962 548 926 924 783 84 478 682 987 716 886 543 909
957 422 602 513 834 198 443 153 914 603 189 58 304 913 262 638 784 592 241 305 789 818 888 168 833 290 423 111 246 296 1 294 199 934 2 299 308 463 141 872 841 146 452 631 817 444 901 205 177 130 423 138 717 682 903 24 850 158 486 792 763 18 25 274 765 705 929 641 269 104 354 53 501 701 665 490 552 749 498 656 697 46 567 102 152 959 153 497 117 851 80 361 701 145 879 234 84 306 678 568
442 529 914 399 553 20 796 20 170 161 133 891 182 571 950 752 658 610 350 179 866 697 495 888 663 620 832 171 544 733 15 778 721 433 584 388 554 995 723 877 204 903 28 349 308 549 981 955 402 918 712 577 638 336 707 151 279 232 552 840 7 245 974 301 724 283 842 298 901 384 278 921 869 418 987 635 255 961 490 244 457 699 91 549 171 244 741 202 47 525 241 227 465 675 28 202 257 516 196 428
413 440 797 838 901 376 5 766 502 666 887 648 403 637 419 902 19 529 988 13 599 400 227 806 777 127 860 850 235 41 952 1000 436 193 253 540 929 865 129 441 432 453 870 530 860 658 663 340 377 50 727 686 782 426 135 91 283 225 661 604 790 336 204 457 188 325 816 548 154 502 74 626 207 130 969 929 739 582 269 899 888 664 113 414 138 272 859 4 190 465 863 838 400 666 926 756 316 137 677 460
627 327 520 171 182 935 366 109 854 836 432 295 916 728 825 146 216 902 235 207 940 16 200 879 643 549 194 658 406 513 932 514 642 523 454 216 83 514 591 562 142 963 725 44 508 899 124 273 218 230 62 928 55 520 867 737 294 328 72 244 909 720 755 164 780 528 495 119 339 602 489 753 961 92 804 945 568 876 46 806 934 94 455 629 399 636 821 741 135 416 942 151 942 653 587 908 732 835 274 748
829 218 66 518 329 70 858 440 178 605 278 781 275 153 223 388 441 4 81 820 812 191 86 35 142 122 825 985 197 35 81 814 785 977 97 226 675 764 807 879 352 26 885 576 92 402 144 593 872 841 479 342 857 978 139 476 133 257 38 679 478 762 268 807 704 43 34 890 369 851 705 691 181 818 22 979 371 92 491 574 387 409 218 585 254 606 70 544 259 657 11 461 796 999 904 270 331 590 14 968
241 303 324 490 105 488 660 845 232 231 398 278 306 138 989 111 45 99 679 615 889 161 331 876 958 983 828 1000 106 358 613 670 176 987 329 811 870 795 757 574 392 492 168 545 348 811 735 969 59 251 787 719 46 164 257 114 124 319 728 26 988 495 786 917 304 484 603 372 919 458 703 141 42 447 875 493 403 826 278 598 644 67 727 951 554 463 118 96 21 988 200 228 468 521 635 423 811 940 903 646
462 471 73 99 484 817 306 30 113 560 765 713 196 202 106 939 711 660 585 119 762 912 664 6 924 259 915 696 410 186 297 228 139 313 252 30 29 50 675 258 932 211 537 63 304 872 905 680 969 22 171 727 269 762 857 625 459 337 252 436 428 736 440 898 652 692 558 142 789 507 721 403 907 349 507 985 408 966 792 252 620 378 30 644 993 328 999 616 265 288 869 397 304 404 803 760 256 56 88 900
312 98 914 754 685 110 117 275 700 687 270 99 584 604 838 220 891 931 454 413 397 22 54 199 146 268 961 275 154 954 97 699 441 957 521 618 220 789 548 194 221 772 456 970 751 79 881 347 184 604 876 360 146 168 992 355 457 744 21 101 758 564 370 158 250 438 92 242 773 907 528 677 296 125 755 194 366 744 129 313 928 49 952 300 62 415 678 265 773 716 344 721 618 119 998 812 16 340 182 268
92 820 608 780 685 453 995 298 284 587 744 256 895 477 586 324 249 646 972 806 527 593 940 660 876 152 750 796 786 764 413 529 179 18 772 391 353 207 283 85 521 844 263 517 655 74 504 683 232 360 651 602 132 772 863 859 667 743 501 144 550 790 101 966 385 55 552 341 585 245 126 699 281 399 583 757 993 58 592 933 761 10 279 798 808 538 536 186 428 555 695 346 102 603 105 180 3 797 304 454
290 322 802 716 818 126 601 992 255 582 612 375 856 790 433 545 402 561 790 530 456 402 839 277 898 690 841 300 416 784 229 780 10 123 118 311 785 990 599 720 35 80 92 168 396 838 223 895 996 556 675 320 587 581 468 602 835 984 536 819 405 760 437 436 637 701 926 925 650 594 377 991 733 636 897 896 71 236 913 675 369 760 379 201 714 487 903 533 436 557 15 678 347 964 949 786 560 468 3 23
569 778 402 28 544 572 772 826 271 997 246 150 198 806 104 155 812 173 326 642 958 823 329 295 735 172 808 820 728 755 950 223 842 893 298 636 63 498 818 446 935 626 585 730 53 448 688 267 617 442 924 122 243 203 761 815 983 259 825 187 641 311 668 782 763 371 614 137 634 328 385 989 693 112 607 506 986 292 112 406 519 573 517 754 129 413 10 942 174 711 197 270 766 41 838 745 34 118 172 622
403 926 844 249 820 969 704 968 859 107 537 631 349 672 696 102 8 954 59 416 103 378 554 552 631 245 79 742 747 88 249 721 174 884 65 449 855 849 942 334 636 236 90 865 361 320 116 784 794 396 551 617 375 442 281 279 768 725 349 839 587 853 84 534 759 673 425 74 77 509 869 852 572 457 706 247 866 835 270 759 746 49 468 717 490 682 509 633 612 647 776 763 353 737 162 135 422 892 476 297
768 584 627 247 551 693 43 224 853 301 872 639 158 909 472 62 854 383 56 248 700 86 229 107 915 676 244 181 392 432 921 175 929 961 171 385 604 381 680 881 292 62 255 195 782 39 119 219 689 841 148 776 251 423 879 770 861 567 627 552 819 114 730 591 46 949 515 783 263 847 42 174 247 757 568 866 927 962 722 326 580 251 347 904 982 437 606 77 891 637 493 836 460 379 948 781 998 328 8 221
273 218 384 945 582 2 49 138 538 198 174 303 881 483 366 185 702 750 174 114 505 828 104 477 854 362 286 400 97 678 324 749 40 642 129 289 774 703 26 954 953 112 126 306 474 726 527 835 345 770 662 112 641 943 649 817 907 895 302 815 150 359 571 241 923 572 822 342 561 321 596 788 200 743 374 505 123 980 624 351 375 139 869 304 645 411 896 658 669 459 343 859 67 573 440 372 192 175 724 849
858 125 398 307 347 515 129 506 882 963 397 179 924 133 650 416 964 287 866 908 465 649 206 793 94 53 737 824 614 752 11 672 461 431 753 837 436 260 758 279 891 629 799 680 89 963 117 305 679 296 153 791 646 839 607 695 395 488 587 611 451 553 218 637 970 614 592 246 412 194 65 872 542 219 267 655 512 505 890 318 353 791 588 670 106 211 277 885 426 457 567 804 903 637 50 392 829 295 840 880
736 177 15 504 739 485 927 137 929 495 786 117 613 12 492 397 166 812 130 516 777 369 45 273 868 599 253 804 907 520 332 628 15 97 643 536 277 530 396 734 820 833 702 11 639 344 637 768 268 895 522 884 512 838 506 1000 540 873 533 69 488 562 942 557 178 647 304 78 312 860 91 585 872 590 276 940 86 734 491 229 500 952 859 984 653 368 467 830 243 385 487 423 365 39 941 31 786 393 48 611
209 896 46 443 10 620 509 413 706 804 454 385 699 678 878 980 534 67 247 397 80 545 433 39 113 412 226 914 354 339 251 640 558 636 423 248 839 230 476 108 510 759 168 954 84 317 909 38 751 351 153 621 374 702 412 441 829 479 978 282 535 393 448 374 266 792 759 107 945 299 816 639 749 709 800 393 167 953 200 510 363 392 965 191 188 369 314 536 918 23 103 192 522 174 993 477 756 210 890 880
852 404 2 426 222 469 443 636 103 858 200 10 777 54 637 923 550 908 354 194 66 647 718 448 778 455 21 867 74 1000 298 863 296 516 826 690 664 250 494 231 713 376 414 499 125 953 964 680 227 825 776 2 505 33 763 105 289 371 603 930 503 729 87 330 885 480 880 66 905 347 291 580 235 918 268 907 537 967 86 309 471 513 459 337 812 1 225 719 223 22 390 860 402 156 620 148 391 939 358 977
783 442 363 434 173 1000 559 372 638 494 99 42 282 254 454 422 575 759 155 710 129 576 638 122 585 517 205 612 206 524 574 456 828 384 225 818 423 239 399 112 509 940 89 887 831 419 136 769 336 990 733 552 220 4 659 932 211 43 721 795 993 687 712 906 368 165 290 915 205 868 857 41 93 451 916 270 747 243 321 163 811 850 389 802 817 759 615 62 962 171 465 5 660 201 156 218 811 344 526 715
889 925 175 732 438 143 665 86 459 387 851 130 248 462 573 98 401 960 473 382 879 260 877 636 66 16 478 809 945 23 237 65 301 965 804 763 162 218 95 678 296 611 715 349 195 120 196 559 555 425 926 318 973 458 587 884 684 234 567 610 666 277 337 380 779 673 909 276 138 707 62 876 178 316 885 704 754 736 405 580 970 650 85 618 545 552 732 266 191 538 953 918 112 241 693 273 288 551 48 405
43 119 622 907 785 257 599 898 589 843 412 732 982 225 482 69 524 505 503 474 367 823 583 971 542 72 646 162 101 336 701 473 344 127 804 767 55 738 772 883 949 766 934 286 880 836 527 654 552 878 260 445 873 793 451 598 748 121 851 127 923 311 560 941 777 619 399 144 289 728 55 298 670 650 788 341 827 582 765 552 981 93 815 177 708 378 601 651 90 744 840 596 55 878 93 633 852 53 443 432
853 485 663 610 220 88 496 289 418 616 69 712 463 275 555 277 420 161 162 247 523 415 813 871 459 800 88 774 51 607 765 138 274 503 977 485 901 53 652 237 577 527 264 308 648 188 874 591 406 611 317 50 829 188 214 441 367 5 626 268 206 34 15 272 45 307 394 372 805 897 609 809 47 455 906 735 641 766 497 260 108 38 895 942 132 501 584 890 71 404 371 473 595 988 109 406 36 287 339 290
545 411 7 769 131 858 133 848 294 650 242 420 932 131 626 87 211 81 916 148 385 686 217 992 199 354 682 634 146 582 942 824 127 884 241 23 362 144 152 368 7 13 522 245 843 601 713 976 982 555 537 993 157 515 663 670 75 843 828 829 989 14 418 212 775 957 265 799 590 572 279 323 755 398 801 489 270 708 436 540 161 161 348 314 424 944 439 946 575 945 105 183 807 522 348 93 10 375 837 192
109 668 508 251 800 868 40 335 739 66 786 470 358 473 365 846 939 385 865 621 6 933 244 902 333 919 686 23 57 447 733 622 872 303 473 839 280 331 412 576 786 671 618 107 76 844 833 678 229 437 366 42 398 262 299 553 287 301 545 9 498 250 547 435 661 918 929 155 82 667 258 442 314 985 963 747 218 823 5 39 474 551 391 413 322 358 265 895 240 609 542 783 424 998 486 269 565 435 756 981
862 385 280 958 676 756 430 365 922 930 272 498 496 330 650 840 320 326 739 964 713 977 744 282 719 66 574 110 197 202 525 207 190 302 376 101 873 784 102 861 713 762 428 23 422 950 760 416 501 689 610 823 239 332 67 839 709 49 761 411 48 401 623 61 584 763 806 37 807 21 864 147 62 29 43 532 555 980 267 660 479 751 831 303 147 50 837 254 92 205 771 605 881 259 906 314 326 223 527 810
40 819 328 523 634 195 736 275 849 116 541 419 42 418 32 847 525 111 690 789 276 899 26 460 224 361 730 387 593 667 992 474 374 222 583 187 335 128 216 950 664 491 835 295 943 210 681 838 795 216 584 707 786 191 696 764 201 917 272 189 704 120 8 384 186 973 849 896 303 879 314 941 193 719 79 158 790 696 344 431 441 839 891 83 851 772 929 308 315 35 313 473 478 581 972 774 761 723 201 260
555 968 726 900 334 688 499 925 272 208 577 456 880 24 953 610 770 329 760 49 145 236 618 439 801 821 708 116 136 338 695 805 494 750 203 704 380 741 500 184 905 194 263 449 689 900 56 828 666 29 17 836 355 30 661 929 0 414 199 62 118 204 591 569 714 293 400 692 675 680 883 804 268 231 939 560 785 608 436 301 759 760 703 340 242 474 38 700 23 853 693 843 854 820 96 933 856 951 44 178 
